
spot_coords <- list(
  # Hawaii
  "Pipeline" = c(lat = 21.664, lng = -158.051),
  "Lahaina" = c(lat = 20.878, lng = -156.682),
  "Honolua Bay" = c(lat = 21.012, lng = -156.640),
  "Waikiki" = c(lat = 21.282, lng = -157.837),
  "Waimea Bay" = c(lat = 21.640, lng = -158.059),
  
  # Sri Lanka
  "Weligama" = c(lat = 5.973, lng = 80.429),
  "Mirissa" = c(lat = 5.947, lng = 80.471),
  "Arugam Bay" = c(lat = 6.839, lng = 81.828),
  "Hikkaduwa" = c(lat = 6.143, lng = 80.104),
  "Unawatuna" = c(lat = 6.024, lng = 80.259),
  "Midigama" = c(lat = 5.952, lng = 80.428),
  
  # Morocco
  "Anchor Point" = c(lat = 30.531, lng = -9.708),
  "Imsouane" = c(lat = 30.838, lng = -9.815),
  "Taghazout" = c(lat = 30.545, lng = -9.711),
  "Safi" = c(lat = 32.300, lng = -9.237),
  "Essouira" = c(lat = 31.508, lng = -9.759),
  "Dakhla" = c(lat = 23.684, lng = -15.957),
  
  # Portugal
  "Nazaré" = c(lat = 39.601, lng = -9.070),
  "Ericeira" = c(lat = 38.966, lng = -9.417),
  "Peniche" = c(lat = 39.355, lng = -9.381),
  "Supertubos" = c(lat = 39.355, lng = -9.384),
  "Cascais" = c(lat = 38.697, lng = -9.422),
  "Arrifana" = c(lat = 37.295, lng = -8.830),
  
  # Indonesia (Bali area)
  "Uluwatu" = c(lat = -8.828, lng = 115.087),
  "Canggu" = c(lat = -8.647, lng = 115.138),
  "Medewi" = c(lat = -8.432, lng = 114.763),
  "Padang Padang" = c(lat = -8.818, lng = 115.086),
  "Kuta" = c(lat = -8.717, lng = 115.169),
  "Keramas" = c(lat = -8.605, lng = 115.313),
  
  # Costa Rica
  "Santa Teresa" = c(lat = 9.633, lng = -85.161),
  "Tamarindo" = c(lat = 10.299, lng = -85.841),
  "Nosara" = c(lat = 9.954, lng = --85.671),
  "Dominical" = c(lat = 9.25, lng = -83.666),
  "Jaco" = c(lat = 9.621, lng = -84.630),
  "Playa Hermosa" = c(lat = 9.646, lng = -84.647),
  
  # Australia
  "Bondi Beach" = c(lat = -33.891, lng = 151.277),
  "Snapper Rocks" = c(lat = -28.167, lng = 153.552),
  "Bells Beach" = c(lat = -38.370, lng = 144.283),
  "Byron Bay" = c(lat = -28.647, lng = 153.613),
  "Noosa Heads" = c(lat = -26.392, lng = 153.094),
  "Margaret River" = c(lat = -33.954, lng = 115.073),
  
  # France
  "Hossegor" = c(lat = 43.666, lng = -1.444),
  "Biarritz" = c(lat = 43.483, lng = -1.558),
  "Lacanau" = c(lat = 45.002, lng = -1.197),
  "Seignosse" = c(lat = 43.671, lng = -1.456),
  "Guéthary" = c(lat = 43.400, lng = -1.604),
  "Anglet" = c(lat = 43.483, lng = -1.543),
  
  
  # Brasil
  "Arpoador" = c(lat = -22.983, lng = -43.176),     
  "Maresias" = c(lat = -23.697, lng = -45.415),    
  "Saquarema (Itaúna Beach)" = c(lat = -22.881, lng = -42.500),  
  "Pipa Beach" = c(lat = -6.264, lng = -35.042),   
  "Itamambuca" = c(lat = -23.353, lng = -45.275),
  "Campeche" = c(lat = -27.676, lng = -48.488),
  
  # Nicaragua
  "Popoyo" = c(lat = 11.4700989, lng = -86.1249244999),       
  "Lance's Left" = c(lat = 11.366, lng = -85.692), 
  "San Juan del Sur" = c(lat = 11.253, lng = -85.879),
  
  # El Salvador
  "Punta Roca" = c(lat = 13.483, lng = -89.316),    
  "El Sunzal" = c(lat = 13.458, lng = -89.265),   
  "K59" = c(lat = 13.4991, lng = -89.4736),          
  "Las Flores" = c(lat = 13.350, lng = -88.570),    
  "El Zonte" = c(lat = 13.426, lng = -89.281), 
  
  # Spain
  "Mundaka" = c(lat = 43.408, lng = -2.700),        
  "La Machacona" = c(lat = 43.550, lng = -8.110),   
  "Sopelana" = c(lat = 43.375, lng = -2.998),        
  "Meñakoz" = c(lat = 43.421, lng = -2.924),      
  "Cala Cerrada (Alicante region)" = c(lat = 38.158, lng = -0.441)
  
  
)

