
spot_coords <- list(
  "Pipeline" = c(lat = 21.664, lng = -158.051),
  "Lahaina" = c(lat = 20.878, lng = -156.682),
  "Honolua Bay" = c(lat = 21.012, lng = -156.640),
  
  "Weligama" = c(lat = 5.973, lng = 80.429),
  "Mirissa" = c(lat = 5.947, lng = 80.471),
  "Arugam Bay" = c(lat = 6.839, lng = 81.828),
  
  "Anchor Point" = c(lat = 30.531, lng = -9.708),
  "Imsouane" = c(lat = 30.838, lng = -9.815),
  "Taghazout" = c(lat = 30.545, lng = -9.711),
  
  "Nazaré" = c(lat = 39.601, lng = -9.070),
  "Ericeira" = c(lat = 38.966, lng = -9.417),
  "Peniche" = c(lat = 39.355, lng = -9.381),
  
  "Uluwatu" = c(lat = -8.432, lng = 115.084),
  "Canggu" = c(lat = -8.647, lng = 115.138),
  "Medewi" = c(lat = -8.432, lng = 114.763),
  
  "Santa Teresa" = c(lat = 9.633, lng = -85.161),
  "Tamarindo" = c(lat = 10.299, lng = -85.841),
  "Nosara" = c(lat = 9.979, lng = -85.653),
  
  "Bondi Beach" = c(lat = -33.891, lng = 151.277),
  "Snapper Rocks" = c(lat = -28.167, lng = 153.552),
  "Bells Beach" = c(lat = -38.370, lng = 144.283),
  
  "Hossegor" = c(lat = 43.666, lng = -1.444),
  "Biarritz" = c(lat = 43.483, lng = -1.558),
  "Lacanau" = c(lat = 45.002, lng = -1.197)
)
